image_width: 640
image_height: 480
camera_name: lifecam
camera_matrix:
  rows: 3
  cols: 3
  data: [578.992746, 0.000000, 296.876757, 0.000000, 579.111133, 245.805135, 0.000000, 0.000000, 1.000000]
distortion_model: plumb_bob
distortion_coefficients:
  rows: 1
  cols: 5
  data: [-0.334596, 0.143080, 0.000702, -0.000669, 0.000000]
rectification_matrix:
  rows: 3
  cols: 3
  data: [1.000000, 0.000000, 0.000000, 0.000000, 1.000000, 0.000000, 0.000000, 0.000000, 1.000000]
projection_matrix:
  rows: 3
  cols: 4
  data: [514.900208, 0.000000, 290.398965, 0.000000, 0.000000, 542.994385, 246.316310, 0.000000, 0.000000, 0.000000, 1.000000, 0.000000]
